receive the M matrix from the L and another matrices (4*4 size):
4 ,0 ,0 ,0
1 ,2 ,0 ,0
4 ,1 ,4 ,0
-1 ,-4 ,-5 ,4

L = 
4 ,0 ,0 ,0
1 ,2 ,0 ,0
4 ,1 ,4 ,0
-1 ,-4 ,-5 ,4

find the matrix by L and L' multiplication:
L' = 
4 ,1 ,4 ,-1
0 ,2 ,1 ,-4
0 ,0 ,4 ,-5
0 ,0 ,0 ,4

M = 
16 ,4 ,16 ,-4
4 ,5 ,6 ,-9
16 ,6 ,33 ,-28
-4 ,-9 ,-28 ,58

