decompose the next matrix (4*4 size):
16 ,4 ,16 ,-4
4 ,5 ,6 ,-9
16 ,6 ,33 ,-28
-4 ,-9 ,-28 ,58

M = 
16 ,4 ,16 ,-4
4 ,5 ,6 ,-9
16 ,6 ,33 ,-28
-4 ,-9 ,-28 ,58

find L and L' by decomposition of M:
transform M matrix to L' by an upper ranking:
R2 --> R2 - 0.25*R1

16 ,4 ,16 ,-4
0 ,4 ,2 ,-8
16 ,6 ,33 ,-28
-4 ,-9 ,-28 ,58

R3 --> R3 - R1

16 ,4 ,16 ,-4
0 ,4 ,2 ,-8
0 ,2 ,17 ,-24
-4 ,-9 ,-28 ,58

R4 --> R4 + 0.25*R1

16 ,4 ,16 ,-4
0 ,4 ,2 ,-8
0 ,2 ,17 ,-24
0 ,-8 ,-24 ,57

R1 --> 0.25*R1

4 ,1 ,4 ,-1
0 ,4 ,2 ,-8
0 ,2 ,17 ,-24
0 ,-8 ,-24 ,57

R3 --> R3 - 0.5*R2

4 ,1 ,4 ,-1
0 ,4 ,2 ,-8
0 ,0 ,16 ,-20
0 ,-8 ,-24 ,57

R4 --> R4 + 2*R2

4 ,1 ,4 ,-1
0 ,4 ,2 ,-8
0 ,0 ,16 ,-20
0 ,0 ,-20 ,41

R2 --> 0.5*R2

4 ,1 ,4 ,-1
0 ,2 ,1 ,-4
0 ,0 ,16 ,-20
0 ,0 ,-20 ,41

R4 --> R4 + 1.25*R3

4 ,1 ,4 ,-1
0 ,2 ,1 ,-4
0 ,0 ,16 ,-20
0 ,0 ,0 ,16

R3 --> 0.25*R3

4 ,1 ,4 ,-1
0 ,2 ,1 ,-4
0 ,0 ,4 ,-5
0 ,0 ,0 ,16

R4 --> 0.25*R4

4 ,1 ,4 ,-1
0 ,2 ,1 ,-4
0 ,0 ,4 ,-5
0 ,0 ,0 ,4

L = 
4 ,0 ,0 ,0
1 ,2 ,0 ,0
4 ,1 ,4 ,0
-1 ,-4 ,-5 ,4

L' = 
4 ,1 ,4 ,-1
0 ,2 ,1 ,-4
0 ,0 ,4 ,-5
0 ,0 ,0 ,4

