solve the next system in R8 space:
eq1:        -   x2 -   x3                      +   x7         = 0
eq2: +   x1 + 3*x2               - 2*x5 -   x6                = 0
eq3: +   x1 + 2*x2 - 2*x3 +   x4               -   x7 -   x8  = 0
eq4: - 3*x1 -   x2 + 3*x3 + 3*x4 - 3*x5        + 2*x7 + 2*x8  = 0
eq5: - 2*x1 + 3*x2 -   x3 - 2*x4 +   x5 + 2*x6 - 3*x7 - 3*x8  = 0
eq6: -   x1        - 2*x3 - 2*x4 +   x5 - 3*x6 +   x7 +   x8  = 0
eq7: - 2*x1        - 3*x3        + 3*x5        -   x7 - 2*x8  = 0
eq8: -   x1 - 2*x2 -   x3 - 3*x4 + 3*x5 - 2*x6 - 2*x7 + 3*x8  = 0

0 ,-1 ,-1 ,0 ,0 ,0 ,1 ,0 | 0
1 ,3 ,0 ,0 ,-2 ,-1 ,0 ,0 | 0
1 ,2 ,-2 ,1 ,0 ,0 ,-1 ,-1 | 0
-3 ,-1 ,3 ,3 ,-3 ,0 ,2 ,2 | 0
-2 ,3 ,-1 ,-2 ,1 ,2 ,-3 ,-3 | 0
-1 ,0 ,-2 ,-2 ,1 ,-3 ,1 ,1 | 0
-2 ,0 ,-3 ,0 ,3 ,0 ,-1 ,-2 | 0
-1 ,-2 ,-1 ,-3 ,3 ,-2 ,-2 ,3 | 0

implement the solution by parallel ranking method:
transform A matrix to I by a parallel ranking:
R1 <--> R2

1 ,3 ,0 ,0 ,-2 ,-1 ,0 ,0 | 0
0 ,-1 ,-1 ,0 ,0 ,0 ,1 ,0 | 0
1 ,2 ,-2 ,1 ,0 ,0 ,-1 ,-1 | 0
-3 ,-1 ,3 ,3 ,-3 ,0 ,2 ,2 | 0
-2 ,3 ,-1 ,-2 ,1 ,2 ,-3 ,-3 | 0
-1 ,0 ,-2 ,-2 ,1 ,-3 ,1 ,1 | 0
-2 ,0 ,-3 ,0 ,3 ,0 ,-1 ,-2 | 0
-1 ,-2 ,-1 ,-3 ,3 ,-2 ,-2 ,3 | 0

R3 --> R3 - R1

1 ,3 ,0 ,0 ,-2 ,-1 ,0 ,0 | 0
0 ,-1 ,-1 ,0 ,0 ,0 ,1 ,0 | 0
0 ,-1 ,-2 ,1 ,2 ,1 ,-1 ,-1 | 0
-3 ,-1 ,3 ,3 ,-3 ,0 ,2 ,2 | 0
-2 ,3 ,-1 ,-2 ,1 ,2 ,-3 ,-3 | 0
-1 ,0 ,-2 ,-2 ,1 ,-3 ,1 ,1 | 0
-2 ,0 ,-3 ,0 ,3 ,0 ,-1 ,-2 | 0
-1 ,-2 ,-1 ,-3 ,3 ,-2 ,-2 ,3 | 0

R4 --> R4 + 3*R1

1 ,3 ,0 ,0 ,-2 ,-1 ,0 ,0 | 0
0 ,-1 ,-1 ,0 ,0 ,0 ,1 ,0 | 0
0 ,-1 ,-2 ,1 ,2 ,1 ,-1 ,-1 | 0
0 ,8 ,3 ,3 ,-9 ,-3 ,2 ,2 | 0
-2 ,3 ,-1 ,-2 ,1 ,2 ,-3 ,-3 | 0
-1 ,0 ,-2 ,-2 ,1 ,-3 ,1 ,1 | 0
-2 ,0 ,-3 ,0 ,3 ,0 ,-1 ,-2 | 0
-1 ,-2 ,-1 ,-3 ,3 ,-2 ,-2 ,3 | 0

R5 --> R5 + 2*R1

1 ,3 ,0 ,0 ,-2 ,-1 ,0 ,0 | 0
0 ,-1 ,-1 ,0 ,0 ,0 ,1 ,0 | 0
0 ,-1 ,-2 ,1 ,2 ,1 ,-1 ,-1 | 0
0 ,8 ,3 ,3 ,-9 ,-3 ,2 ,2 | 0
0 ,9 ,-1 ,-2 ,-3 ,0 ,-3 ,-3 | 0
-1 ,0 ,-2 ,-2 ,1 ,-3 ,1 ,1 | 0
-2 ,0 ,-3 ,0 ,3 ,0 ,-1 ,-2 | 0
-1 ,-2 ,-1 ,-3 ,3 ,-2 ,-2 ,3 | 0

R6 --> R6 + R1

1 ,3 ,0 ,0 ,-2 ,-1 ,0 ,0 | 0
0 ,-1 ,-1 ,0 ,0 ,0 ,1 ,0 | 0
0 ,-1 ,-2 ,1 ,2 ,1 ,-1 ,-1 | 0
0 ,8 ,3 ,3 ,-9 ,-3 ,2 ,2 | 0
0 ,9 ,-1 ,-2 ,-3 ,0 ,-3 ,-3 | 0
0 ,3 ,-2 ,-2 ,-1 ,-4 ,1 ,1 | 0
-2 ,0 ,-3 ,0 ,3 ,0 ,-1 ,-2 | 0
-1 ,-2 ,-1 ,-3 ,3 ,-2 ,-2 ,3 | 0

R7 --> R7 + 2*R1

1 ,3 ,0 ,0 ,-2 ,-1 ,0 ,0 | 0
0 ,-1 ,-1 ,0 ,0 ,0 ,1 ,0 | 0
0 ,-1 ,-2 ,1 ,2 ,1 ,-1 ,-1 | 0
0 ,8 ,3 ,3 ,-9 ,-3 ,2 ,2 | 0
0 ,9 ,-1 ,-2 ,-3 ,0 ,-3 ,-3 | 0
0 ,3 ,-2 ,-2 ,-1 ,-4 ,1 ,1 | 0
0 ,6 ,-3 ,0 ,-1 ,-2 ,-1 ,-2 | 0
-1 ,-2 ,-1 ,-3 ,3 ,-2 ,-2 ,3 | 0

R8 --> R8 + R1

1 ,3 ,0 ,0 ,-2 ,-1 ,0 ,0 | 0
0 ,-1 ,-1 ,0 ,0 ,0 ,1 ,0 | 0
0 ,-1 ,-2 ,1 ,2 ,1 ,-1 ,-1 | 0
0 ,8 ,3 ,3 ,-9 ,-3 ,2 ,2 | 0
0 ,9 ,-1 ,-2 ,-3 ,0 ,-3 ,-3 | 0
0 ,3 ,-2 ,-2 ,-1 ,-4 ,1 ,1 | 0
0 ,6 ,-3 ,0 ,-1 ,-2 ,-1 ,-2 | 0
0 ,1 ,-1 ,-3 ,1 ,-3 ,-2 ,3 | 0

R1 --> R1 + 3*R2

1 ,0 ,-3 ,0 ,-2 ,-1 ,3 ,0 | 0
0 ,-1 ,-1 ,0 ,0 ,0 ,1 ,0 | 0
0 ,-1 ,-2 ,1 ,2 ,1 ,-1 ,-1 | 0
0 ,8 ,3 ,3 ,-9 ,-3 ,2 ,2 | 0
0 ,9 ,-1 ,-2 ,-3 ,0 ,-3 ,-3 | 0
0 ,3 ,-2 ,-2 ,-1 ,-4 ,1 ,1 | 0
0 ,6 ,-3 ,0 ,-1 ,-2 ,-1 ,-2 | 0
0 ,1 ,-1 ,-3 ,1 ,-3 ,-2 ,3 | 0

R3 --> R3 - R2

1 ,0 ,-3 ,0 ,-2 ,-1 ,3 ,0 | 0
0 ,-1 ,-1 ,0 ,0 ,0 ,1 ,0 | 0
0 ,0 ,-1 ,1 ,2 ,1 ,-2 ,-1 | 0
0 ,8 ,3 ,3 ,-9 ,-3 ,2 ,2 | 0
0 ,9 ,-1 ,-2 ,-3 ,0 ,-3 ,-3 | 0
0 ,3 ,-2 ,-2 ,-1 ,-4 ,1 ,1 | 0
0 ,6 ,-3 ,0 ,-1 ,-2 ,-1 ,-2 | 0
0 ,1 ,-1 ,-3 ,1 ,-3 ,-2 ,3 | 0

R4 --> R4 + 8*R2

1 ,0 ,-3 ,0 ,-2 ,-1 ,3 ,0 | 0
0 ,-1 ,-1 ,0 ,0 ,0 ,1 ,0 | 0
0 ,0 ,-1 ,1 ,2 ,1 ,-2 ,-1 | 0
0 ,0 ,-5 ,3 ,-9 ,-3 ,10 ,2 | 0
0 ,9 ,-1 ,-2 ,-3 ,0 ,-3 ,-3 | 0
0 ,3 ,-2 ,-2 ,-1 ,-4 ,1 ,1 | 0
0 ,6 ,-3 ,0 ,-1 ,-2 ,-1 ,-2 | 0
0 ,1 ,-1 ,-3 ,1 ,-3 ,-2 ,3 | 0

R5 --> R5 + 9*R2

1 ,0 ,-3 ,0 ,-2 ,-1 ,3 ,0 | 0
0 ,-1 ,-1 ,0 ,0 ,0 ,1 ,0 | 0
0 ,0 ,-1 ,1 ,2 ,1 ,-2 ,-1 | 0
0 ,0 ,-5 ,3 ,-9 ,-3 ,10 ,2 | 0
0 ,0 ,-10 ,-2 ,-3 ,0 ,6 ,-3 | 0
0 ,3 ,-2 ,-2 ,-1 ,-4 ,1 ,1 | 0
0 ,6 ,-3 ,0 ,-1 ,-2 ,-1 ,-2 | 0
0 ,1 ,-1 ,-3 ,1 ,-3 ,-2 ,3 | 0

R6 --> R6 + 3*R2

1 ,0 ,-3 ,0 ,-2 ,-1 ,3 ,0 | 0
0 ,-1 ,-1 ,0 ,0 ,0 ,1 ,0 | 0
0 ,0 ,-1 ,1 ,2 ,1 ,-2 ,-1 | 0
0 ,0 ,-5 ,3 ,-9 ,-3 ,10 ,2 | 0
0 ,0 ,-10 ,-2 ,-3 ,0 ,6 ,-3 | 0
0 ,0 ,-5 ,-2 ,-1 ,-4 ,4 ,1 | 0
0 ,6 ,-3 ,0 ,-1 ,-2 ,-1 ,-2 | 0
0 ,1 ,-1 ,-3 ,1 ,-3 ,-2 ,3 | 0

R7 --> R7 + 6*R2

1 ,0 ,-3 ,0 ,-2 ,-1 ,3 ,0 | 0
0 ,-1 ,-1 ,0 ,0 ,0 ,1 ,0 | 0
0 ,0 ,-1 ,1 ,2 ,1 ,-2 ,-1 | 0
0 ,0 ,-5 ,3 ,-9 ,-3 ,10 ,2 | 0
0 ,0 ,-10 ,-2 ,-3 ,0 ,6 ,-3 | 0
0 ,0 ,-5 ,-2 ,-1 ,-4 ,4 ,1 | 0
0 ,0 ,-9 ,0 ,-1 ,-2 ,5 ,-2 | 0
0 ,1 ,-1 ,-3 ,1 ,-3 ,-2 ,3 | 0

R8 --> R8 + R2

1 ,0 ,-3 ,0 ,-2 ,-1 ,3 ,0 | 0
0 ,-1 ,-1 ,0 ,0 ,0 ,1 ,0 | 0
0 ,0 ,-1 ,1 ,2 ,1 ,-2 ,-1 | 0
0 ,0 ,-5 ,3 ,-9 ,-3 ,10 ,2 | 0
0 ,0 ,-10 ,-2 ,-3 ,0 ,6 ,-3 | 0
0 ,0 ,-5 ,-2 ,-1 ,-4 ,4 ,1 | 0
0 ,0 ,-9 ,0 ,-1 ,-2 ,5 ,-2 | 0
0 ,0 ,-2 ,-3 ,1 ,-3 ,-1 ,3 | 0

R1 --> R1 - 3*R3

1 ,0 ,0 ,-3 ,-8 ,-4 ,9 ,3 | 0
0 ,-1 ,-1 ,0 ,0 ,0 ,1 ,0 | 0
0 ,0 ,-1 ,1 ,2 ,1 ,-2 ,-1 | 0
0 ,0 ,-5 ,3 ,-9 ,-3 ,10 ,2 | 0
0 ,0 ,-10 ,-2 ,-3 ,0 ,6 ,-3 | 0
0 ,0 ,-5 ,-2 ,-1 ,-4 ,4 ,1 | 0
0 ,0 ,-9 ,0 ,-1 ,-2 ,5 ,-2 | 0
0 ,0 ,-2 ,-3 ,1 ,-3 ,-1 ,3 | 0

R2 --> R2 - R3

1 ,0 ,0 ,-3 ,-8 ,-4 ,9 ,3 | 0
0 ,-1 ,0 ,-1 ,-2 ,-1 ,3 ,1 | 0
0 ,0 ,-1 ,1 ,2 ,1 ,-2 ,-1 | 0
0 ,0 ,-5 ,3 ,-9 ,-3 ,10 ,2 | 0
0 ,0 ,-10 ,-2 ,-3 ,0 ,6 ,-3 | 0
0 ,0 ,-5 ,-2 ,-1 ,-4 ,4 ,1 | 0
0 ,0 ,-9 ,0 ,-1 ,-2 ,5 ,-2 | 0
0 ,0 ,-2 ,-3 ,1 ,-3 ,-1 ,3 | 0

R4 --> R4 - 5*R3

1 ,0 ,0 ,-3 ,-8 ,-4 ,9 ,3 | 0
0 ,-1 ,0 ,-1 ,-2 ,-1 ,3 ,1 | 0
0 ,0 ,-1 ,1 ,2 ,1 ,-2 ,-1 | 0
0 ,0 ,0 ,-2 ,-19 ,-8 ,20 ,7 | 0
0 ,0 ,-10 ,-2 ,-3 ,0 ,6 ,-3 | 0
0 ,0 ,-5 ,-2 ,-1 ,-4 ,4 ,1 | 0
0 ,0 ,-9 ,0 ,-1 ,-2 ,5 ,-2 | 0
0 ,0 ,-2 ,-3 ,1 ,-3 ,-1 ,3 | 0

R5 --> R5 - 10*R3

1 ,0 ,0 ,-3 ,-8 ,-4 ,9 ,3 | 0
0 ,-1 ,0 ,-1 ,-2 ,-1 ,3 ,1 | 0
0 ,0 ,-1 ,1 ,2 ,1 ,-2 ,-1 | 0
0 ,0 ,0 ,-2 ,-19 ,-8 ,20 ,7 | 0
0 ,0 ,0 ,-12 ,-23 ,-10 ,26 ,7 | 0
0 ,0 ,-5 ,-2 ,-1 ,-4 ,4 ,1 | 0
0 ,0 ,-9 ,0 ,-1 ,-2 ,5 ,-2 | 0
0 ,0 ,-2 ,-3 ,1 ,-3 ,-1 ,3 | 0

R6 --> R6 - 5*R3

1 ,0 ,0 ,-3 ,-8 ,-4 ,9 ,3 | 0
0 ,-1 ,0 ,-1 ,-2 ,-1 ,3 ,1 | 0
0 ,0 ,-1 ,1 ,2 ,1 ,-2 ,-1 | 0
0 ,0 ,0 ,-2 ,-19 ,-8 ,20 ,7 | 0
0 ,0 ,0 ,-12 ,-23 ,-10 ,26 ,7 | 0
0 ,0 ,0 ,-7 ,-11 ,-9 ,14 ,6 | 0
0 ,0 ,-9 ,0 ,-1 ,-2 ,5 ,-2 | 0
0 ,0 ,-2 ,-3 ,1 ,-3 ,-1 ,3 | 0

R7 --> R7 - 9*R3

1 ,0 ,0 ,-3 ,-8 ,-4 ,9 ,3 | 0
0 ,-1 ,0 ,-1 ,-2 ,-1 ,3 ,1 | 0
0 ,0 ,-1 ,1 ,2 ,1 ,-2 ,-1 | 0
0 ,0 ,0 ,-2 ,-19 ,-8 ,20 ,7 | 0
0 ,0 ,0 ,-12 ,-23 ,-10 ,26 ,7 | 0
0 ,0 ,0 ,-7 ,-11 ,-9 ,14 ,6 | 0
0 ,0 ,0 ,-9 ,-19 ,-11 ,23 ,7 | 0
0 ,0 ,-2 ,-3 ,1 ,-3 ,-1 ,3 | 0

R8 --> R8 - 2*R3

1 ,0 ,0 ,-3 ,-8 ,-4 ,9 ,3 | 0
0 ,-1 ,0 ,-1 ,-2 ,-1 ,3 ,1 | 0
0 ,0 ,-1 ,1 ,2 ,1 ,-2 ,-1 | 0
0 ,0 ,0 ,-2 ,-19 ,-8 ,20 ,7 | 0
0 ,0 ,0 ,-12 ,-23 ,-10 ,26 ,7 | 0
0 ,0 ,0 ,-7 ,-11 ,-9 ,14 ,6 | 0
0 ,0 ,0 ,-9 ,-19 ,-11 ,23 ,7 | 0
0 ,0 ,0 ,-5 ,-3 ,-5 ,3 ,5 | 0

R1 --> R1 - 1.5*R4

1 ,0 ,0 ,0 ,20.5 ,8 ,-21 ,-7.5 | 0
0 ,-1 ,0 ,-1 ,-2 ,-1 ,3 ,1 | 0
0 ,0 ,-1 ,1 ,2 ,1 ,-2 ,-1 | 0
0 ,0 ,0 ,-2 ,-19 ,-8 ,20 ,7 | 0
0 ,0 ,0 ,-12 ,-23 ,-10 ,26 ,7 | 0
0 ,0 ,0 ,-7 ,-11 ,-9 ,14 ,6 | 0
0 ,0 ,0 ,-9 ,-19 ,-11 ,23 ,7 | 0
0 ,0 ,0 ,-5 ,-3 ,-5 ,3 ,5 | 0

R2 --> R2 - 0.5*R4

1 ,0 ,0 ,0 ,20.5 ,8 ,-21 ,-7.5 | 0
0 ,-1 ,0 ,0 ,7.5 ,3 ,-7 ,-2.5 | 0
0 ,0 ,-1 ,1 ,2 ,1 ,-2 ,-1 | 0
0 ,0 ,0 ,-2 ,-19 ,-8 ,20 ,7 | 0
0 ,0 ,0 ,-12 ,-23 ,-10 ,26 ,7 | 0
0 ,0 ,0 ,-7 ,-11 ,-9 ,14 ,6 | 0
0 ,0 ,0 ,-9 ,-19 ,-11 ,23 ,7 | 0
0 ,0 ,0 ,-5 ,-3 ,-5 ,3 ,5 | 0

R3 --> R3 + 0.5*R4

1 ,0 ,0 ,0 ,20.5 ,8 ,-21 ,-7.5 | 0
0 ,-1 ,0 ,0 ,7.5 ,3 ,-7 ,-2.5 | 0
0 ,0 ,-1 ,0 ,-7.5 ,-3 ,8 ,2.5 | 0
0 ,0 ,0 ,-2 ,-19 ,-8 ,20 ,7 | 0
0 ,0 ,0 ,-12 ,-23 ,-10 ,26 ,7 | 0
0 ,0 ,0 ,-7 ,-11 ,-9 ,14 ,6 | 0
0 ,0 ,0 ,-9 ,-19 ,-11 ,23 ,7 | 0
0 ,0 ,0 ,-5 ,-3 ,-5 ,3 ,5 | 0

R5 --> R5 - 6*R4

1 ,0 ,0 ,0 ,20.5 ,8 ,-21 ,-7.5 | 0
0 ,-1 ,0 ,0 ,7.5 ,3 ,-7 ,-2.5 | 0
0 ,0 ,-1 ,0 ,-7.5 ,-3 ,8 ,2.5 | 0
0 ,0 ,0 ,-2 ,-19 ,-8 ,20 ,7 | 0
0 ,0 ,0 ,0 ,91 ,38 ,-94 ,-35 | 0
0 ,0 ,0 ,-7 ,-11 ,-9 ,14 ,6 | 0
0 ,0 ,0 ,-9 ,-19 ,-11 ,23 ,7 | 0
0 ,0 ,0 ,-5 ,-3 ,-5 ,3 ,5 | 0

R6 --> R6 - 3.5*R4

1 ,0 ,0 ,0 ,20.5 ,8 ,-21 ,-7.5 | 0
0 ,-1 ,0 ,0 ,7.5 ,3 ,-7 ,-2.5 | 0
0 ,0 ,-1 ,0 ,-7.5 ,-3 ,8 ,2.5 | 0
0 ,0 ,0 ,-2 ,-19 ,-8 ,20 ,7 | 0
0 ,0 ,0 ,0 ,91 ,38 ,-94 ,-35 | 0
0 ,0 ,0 ,0 ,55.5 ,19 ,-56 ,-18.5 | 0
0 ,0 ,0 ,-9 ,-19 ,-11 ,23 ,7 | 0
0 ,0 ,0 ,-5 ,-3 ,-5 ,3 ,5 | 0

R7 --> R7 - 4.5*R4

1 ,0 ,0 ,0 ,20.5 ,8 ,-21 ,-7.5 | 0
0 ,-1 ,0 ,0 ,7.5 ,3 ,-7 ,-2.5 | 0
0 ,0 ,-1 ,0 ,-7.5 ,-3 ,8 ,2.5 | 0
0 ,0 ,0 ,-2 ,-19 ,-8 ,20 ,7 | 0
0 ,0 ,0 ,0 ,91 ,38 ,-94 ,-35 | 0
0 ,0 ,0 ,0 ,55.5 ,19 ,-56 ,-18.5 | 0
0 ,0 ,0 ,0 ,66.5 ,25 ,-67 ,-24.5 | 0
0 ,0 ,0 ,-5 ,-3 ,-5 ,3 ,5 | 0

R8 --> R8 - 2.5*R4

1 ,0 ,0 ,0 ,20.5 ,8 ,-21 ,-7.5 | 0
0 ,-1 ,0 ,0 ,7.5 ,3 ,-7 ,-2.5 | 0
0 ,0 ,-1 ,0 ,-7.5 ,-3 ,8 ,2.5 | 0
0 ,0 ,0 ,-2 ,-19 ,-8 ,20 ,7 | 0
0 ,0 ,0 ,0 ,91 ,38 ,-94 ,-35 | 0
0 ,0 ,0 ,0 ,55.5 ,19 ,-56 ,-18.5 | 0
0 ,0 ,0 ,0 ,66.5 ,25 ,-67 ,-24.5 | 0
0 ,0 ,0 ,0 ,44.5 ,15 ,-47 ,-12.5 | 0

R1 --> R1 - 0.225*R5

1 ,0 ,0 ,0 ,0 ,-0.56 ,0.176 ,0.385 | 0
0 ,-1 ,0 ,0 ,7.5 ,3 ,-7 ,-2.5 | 0
0 ,0 ,-1 ,0 ,-7.5 ,-3 ,8 ,2.5 | 0
0 ,0 ,0 ,-2 ,-19 ,-8 ,20 ,7 | 0
0 ,0 ,0 ,0 ,91 ,38 ,-94 ,-35 | 0
0 ,0 ,0 ,0 ,55.5 ,19 ,-56 ,-18.5 | 0
0 ,0 ,0 ,0 ,66.5 ,25 ,-67 ,-24.5 | 0
0 ,0 ,0 ,0 ,44.5 ,15 ,-47 ,-12.5 | 0

R2 --> R2 - 0.082*R5

1 ,0 ,0 ,0 ,0 ,-0.56 ,0.176 ,0.385 | 0
0 ,-1 ,0 ,0 ,0 ,-0.132 ,0.747 ,0.385 | 0
0 ,0 ,-1 ,0 ,-7.5 ,-3 ,8 ,2.5 | 0
0 ,0 ,0 ,-2 ,-19 ,-8 ,20 ,7 | 0
0 ,0 ,0 ,0 ,91 ,38 ,-94 ,-35 | 0
0 ,0 ,0 ,0 ,55.5 ,19 ,-56 ,-18.5 | 0
0 ,0 ,0 ,0 ,66.5 ,25 ,-67 ,-24.5 | 0
0 ,0 ,0 ,0 ,44.5 ,15 ,-47 ,-12.5 | 0

R3 --> R3 + 0.082*R5

1 ,0 ,0 ,0 ,0 ,-0.56 ,0.176 ,0.385 | 0
0 ,-1 ,0 ,0 ,0 ,-0.132 ,0.747 ,0.385 | 0
0 ,0 ,-1 ,0 ,0 ,0.132 ,0.253 ,-0.385 | 0
0 ,0 ,0 ,-2 ,-19 ,-8 ,20 ,7 | 0
0 ,0 ,0 ,0 ,91 ,38 ,-94 ,-35 | 0
0 ,0 ,0 ,0 ,55.5 ,19 ,-56 ,-18.5 | 0
0 ,0 ,0 ,0 ,66.5 ,25 ,-67 ,-24.5 | 0
0 ,0 ,0 ,0 ,44.5 ,15 ,-47 ,-12.5 | 0

R4 --> R4 + 0.209*R5

1 ,0 ,0 ,0 ,0 ,-0.56 ,0.176 ,0.385 | 0
0 ,-1 ,0 ,0 ,0 ,-0.132 ,0.747 ,0.385 | 0
0 ,0 ,-1 ,0 ,0 ,0.132 ,0.253 ,-0.385 | 0
0 ,0 ,0 ,-2 ,0 ,-0.066 ,0.374 ,-0.308 | 0
0 ,0 ,0 ,0 ,91 ,38 ,-94 ,-35 | 0
0 ,0 ,0 ,0 ,55.5 ,19 ,-56 ,-18.5 | 0
0 ,0 ,0 ,0 ,66.5 ,25 ,-67 ,-24.5 | 0
0 ,0 ,0 ,0 ,44.5 ,15 ,-47 ,-12.5 | 0

R6 --> R6 - 0.61*R5

1 ,0 ,0 ,0 ,0 ,-0.56 ,0.176 ,0.385 | 0
0 ,-1 ,0 ,0 ,0 ,-0.132 ,0.747 ,0.385 | 0
0 ,0 ,-1 ,0 ,0 ,0.132 ,0.253 ,-0.385 | 0
0 ,0 ,0 ,-2 ,0 ,-0.066 ,0.374 ,-0.308 | 0
0 ,0 ,0 ,0 ,91 ,38 ,-94 ,-35 | 0
0 ,0 ,0 ,0 ,0 ,-4.176 ,1.33 ,2.846 | 0
0 ,0 ,0 ,0 ,66.5 ,25 ,-67 ,-24.5 | 0
0 ,0 ,0 ,0 ,44.5 ,15 ,-47 ,-12.5 | 0

R7 --> R7 - 0.731*R5

1 ,0 ,0 ,0 ,0 ,-0.56 ,0.176 ,0.385 | 0
0 ,-1 ,0 ,0 ,0 ,-0.132 ,0.747 ,0.385 | 0
0 ,0 ,-1 ,0 ,0 ,0.132 ,0.253 ,-0.385 | 0
0 ,0 ,0 ,-2 ,0 ,-0.066 ,0.374 ,-0.308 | 0
0 ,0 ,0 ,0 ,91 ,38 ,-94 ,-35 | 0
0 ,0 ,0 ,0 ,0 ,-4.176 ,1.33 ,2.846 | 0
0 ,0 ,0 ,0 ,0 ,-2.769 ,1.692 ,1.077 | 0
0 ,0 ,0 ,0 ,44.5 ,15 ,-47 ,-12.5 | 0

R8 --> R8 - 0.489*R5

1 ,0 ,0 ,0 ,0 ,-0.56 ,0.176 ,0.385 | 0
0 ,-1 ,0 ,0 ,0 ,-0.132 ,0.747 ,0.385 | 0
0 ,0 ,-1 ,0 ,0 ,0.132 ,0.253 ,-0.385 | 0
0 ,0 ,0 ,-2 ,0 ,-0.066 ,0.374 ,-0.308 | 0
0 ,0 ,0 ,0 ,91 ,38 ,-94 ,-35 | 0
0 ,0 ,0 ,0 ,0 ,-4.176 ,1.33 ,2.846 | 0
0 ,0 ,0 ,0 ,0 ,-2.769 ,1.692 ,1.077 | 0
0 ,0 ,0 ,0 ,0 ,-3.582 ,-1.033 ,4.615 | 0

R1 --> R1 - 0.134*R6

1 ,0 ,0 ,0 ,0 ,0 ,-0.003 ,0.003 | 0
0 ,-1 ,0 ,0 ,0 ,-0.132 ,0.747 ,0.385 | 0
0 ,0 ,-1 ,0 ,0 ,0.132 ,0.253 ,-0.385 | 0
0 ,0 ,0 ,-2 ,0 ,-0.066 ,0.374 ,-0.308 | 0
0 ,0 ,0 ,0 ,91 ,38 ,-94 ,-35 | 0
0 ,0 ,0 ,0 ,0 ,-4.176 ,1.33 ,2.846 | 0
0 ,0 ,0 ,0 ,0 ,-2.769 ,1.692 ,1.077 | 0
0 ,0 ,0 ,0 ,0 ,-3.582 ,-1.033 ,4.615 | 0

R2 --> R2 - 0.032*R6

1 ,0 ,0 ,0 ,0 ,0 ,-0.003 ,0.003 | 0
0 ,-1 ,0 ,0 ,0 ,0 ,0.705 ,0.295 | 0
0 ,0 ,-1 ,0 ,0 ,0.132 ,0.253 ,-0.385 | 0
0 ,0 ,0 ,-2 ,0 ,-0.066 ,0.374 ,-0.308 | 0
0 ,0 ,0 ,0 ,91 ,38 ,-94 ,-35 | 0
0 ,0 ,0 ,0 ,0 ,-4.176 ,1.33 ,2.846 | 0
0 ,0 ,0 ,0 ,0 ,-2.769 ,1.692 ,1.077 | 0
0 ,0 ,0 ,0 ,0 ,-3.582 ,-1.033 ,4.615 | 0

R3 --> R3 + 0.032*R6

1 ,0 ,0 ,0 ,0 ,0 ,-0.003 ,0.003 | 0
0 ,-1 ,0 ,0 ,0 ,0 ,0.705 ,0.295 | 0
0 ,0 ,-1 ,0 ,0 ,0 ,0.295 ,-0.295 | 0
0 ,0 ,0 ,-2 ,0 ,-0.066 ,0.374 ,-0.308 | 0
0 ,0 ,0 ,0 ,91 ,38 ,-94 ,-35 | 0
0 ,0 ,0 ,0 ,0 ,-4.176 ,1.33 ,2.846 | 0
0 ,0 ,0 ,0 ,0 ,-2.769 ,1.692 ,1.077 | 0
0 ,0 ,0 ,0 ,0 ,-3.582 ,-1.033 ,4.615 | 0

R4 --> R4 - 0.016*R6

1 ,0 ,0 ,0 ,0 ,0 ,-0.003 ,0.003 | 0
0 ,-1 ,0 ,0 ,0 ,0 ,0.705 ,0.295 | 0
0 ,0 ,-1 ,0 ,0 ,0 ,0.295 ,-0.295 | 0
0 ,0 ,0 ,-2 ,0 ,0 ,0.353 ,-0.353 | 0
0 ,0 ,0 ,0 ,91 ,38 ,-94 ,-35 | 0
0 ,0 ,0 ,0 ,0 ,-4.176 ,1.33 ,2.846 | 0
0 ,0 ,0 ,0 ,0 ,-2.769 ,1.692 ,1.077 | 0
0 ,0 ,0 ,0 ,0 ,-3.582 ,-1.033 ,4.615 | 0

R5 --> R5 + 9.1*R6

1 ,0 ,0 ,0 ,0 ,0 ,-0.003 ,0.003 | 0
0 ,-1 ,0 ,0 ,0 ,0 ,0.705 ,0.295 | 0
0 ,0 ,-1 ,0 ,0 ,0 ,0.295 ,-0.295 | 0
0 ,0 ,0 ,-2 ,0 ,0 ,0.353 ,-0.353 | 0
0 ,0 ,0 ,0 ,91 ,0 ,-81.9 ,-9.1 | 0
0 ,0 ,0 ,0 ,0 ,-4.176 ,1.33 ,2.846 | 0
0 ,0 ,0 ,0 ,0 ,-2.769 ,1.692 ,1.077 | 0
0 ,0 ,0 ,0 ,0 ,-3.582 ,-1.033 ,4.615 | 0

R7 --> R7 - 0.663*R6

1 ,0 ,0 ,0 ,0 ,0 ,-0.003 ,0.003 | 0
0 ,-1 ,0 ,0 ,0 ,0 ,0.705 ,0.295 | 0
0 ,0 ,-1 ,0 ,0 ,0 ,0.295 ,-0.295 | 0
0 ,0 ,0 ,-2 ,0 ,0 ,0.353 ,-0.353 | 0
0 ,0 ,0 ,0 ,91 ,0 ,-81.9 ,-9.1 | 0
0 ,0 ,0 ,0 ,0 ,-4.176 ,1.33 ,2.846 | 0
0 ,0 ,0 ,0 ,0 ,0 ,0.811 ,-0.811 | 0
0 ,0 ,0 ,0 ,0 ,-3.582 ,-1.033 ,4.615 | 0

R8 --> R8 - 0.858*R6

1 ,0 ,0 ,0 ,0 ,0 ,-0.003 ,0.003 | 0
0 ,-1 ,0 ,0 ,0 ,0 ,0.705 ,0.295 | 0
0 ,0 ,-1 ,0 ,0 ,0 ,0.295 ,-0.295 | 0
0 ,0 ,0 ,-2 ,0 ,0 ,0.353 ,-0.353 | 0
0 ,0 ,0 ,0 ,91 ,0 ,-81.9 ,-9.1 | 0
0 ,0 ,0 ,0 ,0 ,-4.176 ,1.33 ,2.846 | 0
0 ,0 ,0 ,0 ,0 ,0 ,0.811 ,-0.811 | 0
0 ,0 ,0 ,0 ,0 ,0 ,-2.174 ,2.174 | 0

R1 --> R1 + 0.003*R7

1 ,0 ,0 ,0 ,0 ,0 ,0 ,0 | 0
0 ,-1 ,0 ,0 ,0 ,0 ,0.705 ,0.295 | 0
0 ,0 ,-1 ,0 ,0 ,0 ,0.295 ,-0.295 | 0
0 ,0 ,0 ,-2 ,0 ,0 ,0.353 ,-0.353 | 0
0 ,0 ,0 ,0 ,91 ,0 ,-81.9 ,-9.1 | 0
0 ,0 ,0 ,0 ,0 ,-4.176 ,1.33 ,2.846 | 0
0 ,0 ,0 ,0 ,0 ,0 ,0.811 ,-0.811 | 0
0 ,0 ,0 ,0 ,0 ,0 ,-2.174 ,2.174 | 0

R2 --> R2 - 0.87*R7

1 ,0 ,0 ,0 ,0 ,0 ,0 ,0 | 0
0 ,-1 ,0 ,0 ,0 ,0 ,0 ,1 | 0
0 ,0 ,-1 ,0 ,0 ,0 ,0.295 ,-0.295 | 0
0 ,0 ,0 ,-2 ,0 ,0 ,0.353 ,-0.353 | 0
0 ,0 ,0 ,0 ,91 ,0 ,-81.9 ,-9.1 | 0
0 ,0 ,0 ,0 ,0 ,-4.176 ,1.33 ,2.846 | 0
0 ,0 ,0 ,0 ,0 ,0 ,0.811 ,-0.811 | 0
0 ,0 ,0 ,0 ,0 ,0 ,-2.174 ,2.174 | 0

R3 --> R3 - 0.364*R7

1 ,0 ,0 ,0 ,0 ,0 ,0 ,0 | 0
0 ,-1 ,0 ,0 ,0 ,0 ,0 ,1 | 0
0 ,0 ,-1 ,0 ,0 ,0 ,0 ,0 | 0
0 ,0 ,0 ,-2 ,0 ,0 ,0.353 ,-0.353 | 0
0 ,0 ,0 ,0 ,91 ,0 ,-81.9 ,-9.1 | 0
0 ,0 ,0 ,0 ,0 ,-4.176 ,1.33 ,2.846 | 0
0 ,0 ,0 ,0 ,0 ,0 ,0.811 ,-0.811 | 0
0 ,0 ,0 ,0 ,0 ,0 ,-2.174 ,2.174 | 0

R4 --> R4 - 0.435*R7

1 ,0 ,0 ,0 ,0 ,0 ,0 ,0 | 0
0 ,-1 ,0 ,0 ,0 ,0 ,0 ,1 | 0
0 ,0 ,-1 ,0 ,0 ,0 ,0 ,0 | 0
0 ,0 ,0 ,-2 ,0 ,0 ,0 ,0 | 0
0 ,0 ,0 ,0 ,91 ,0 ,-81.9 ,-9.1 | 0
0 ,0 ,0 ,0 ,0 ,-4.176 ,1.33 ,2.846 | 0
0 ,0 ,0 ,0 ,0 ,0 ,0.811 ,-0.811 | 0
0 ,0 ,0 ,0 ,0 ,0 ,-2.174 ,2.174 | 0

R5 --> R5 + 101.046*R7

1 ,0 ,0 ,0 ,0 ,0 ,0 ,0 | 0
0 ,-1 ,0 ,0 ,0 ,0 ,0 ,1 | 0
0 ,0 ,-1 ,0 ,0 ,0 ,0 ,0 | 0
0 ,0 ,0 ,-2 ,0 ,0 ,0 ,0 | 0
0 ,0 ,0 ,0 ,91 ,0 ,0 ,-91 | 0
0 ,0 ,0 ,0 ,0 ,-4.176 ,1.33 ,2.846 | 0
0 ,0 ,0 ,0 ,0 ,0 ,0.811 ,-0.811 | 0
0 ,0 ,0 ,0 ,0 ,0 ,-2.174 ,2.174 | 0

R6 --> R6 - 1.641*R7

1 ,0 ,0 ,0 ,0 ,0 ,0 ,0 | 0
0 ,-1 ,0 ,0 ,0 ,0 ,0 ,1 | 0
0 ,0 ,-1 ,0 ,0 ,0 ,0 ,0 | 0
0 ,0 ,0 ,-2 ,0 ,0 ,0 ,0 | 0
0 ,0 ,0 ,0 ,91 ,0 ,0 ,-91 | 0
0 ,0 ,0 ,0 ,0 ,-4.176 ,0 ,4.176 | 0
0 ,0 ,0 ,0 ,0 ,0 ,0.811 ,-0.811 | 0
0 ,0 ,0 ,0 ,0 ,0 ,-2.174 ,2.174 | 0

R8 --> R8 + 2.682*R7

1 ,0 ,0 ,0 ,0 ,0 ,0 ,0 | 0
0 ,-1 ,0 ,0 ,0 ,0 ,0 ,1 | 0
0 ,0 ,-1 ,0 ,0 ,0 ,0 ,0 | 0
0 ,0 ,0 ,-2 ,0 ,0 ,0 ,0 | 0
0 ,0 ,0 ,0 ,91 ,0 ,0 ,-91 | 0
0 ,0 ,0 ,0 ,0 ,-4.176 ,0 ,4.176 | 0
0 ,0 ,0 ,0 ,0 ,0 ,0.811 ,-0.811 | 0
0 ,0 ,0 ,0 ,0 ,0 ,0 ,0 | 0

define a new column in the vector b when x8 is a free variable in R8 space:
1 ,0 ,0 ,0 ,0 ,0 ,0 ,0 | 0 ,0
0 ,-1 ,0 ,0 ,0 ,0 ,0 ,1 | 0 ,0
0 ,0 ,-1 ,0 ,0 ,0 ,0 ,0 | 0 ,0
0 ,0 ,0 ,-2 ,0 ,0 ,0 ,0 | 0 ,0
0 ,0 ,0 ,0 ,91 ,0 ,0 ,-91 | 0 ,0
0 ,0 ,0 ,0 ,0 ,-4.176 ,0 ,4.176 | 0 ,0
0 ,0 ,0 ,0 ,0 ,0 ,0.811 ,-0.811 | 0 ,0
0 ,0 ,0 ,0 ,0 ,0 ,0 ,1 | 0 ,1

R1 --> R1 + 0*R8

1 ,0 ,0 ,0 ,0 ,0 ,0 ,0 | 0 ,0
0 ,-1 ,0 ,0 ,0 ,0 ,0 ,1 | 0 ,0
0 ,0 ,-1 ,0 ,0 ,0 ,0 ,0 | 0 ,0
0 ,0 ,0 ,-2 ,0 ,0 ,0 ,0 | 0 ,0
0 ,0 ,0 ,0 ,91 ,0 ,0 ,-91 | 0 ,0
0 ,0 ,0 ,0 ,0 ,-4.176 ,0 ,4.176 | 0 ,0
0 ,0 ,0 ,0 ,0 ,0 ,0.811 ,-0.811 | 0 ,0
0 ,0 ,0 ,0 ,0 ,0 ,0 ,1 | 0 ,1

R2 --> R2 - R8

1 ,0 ,0 ,0 ,0 ,0 ,0 ,0 | 0 ,0
0 ,-1 ,0 ,0 ,0 ,0 ,0 ,0 | 0 ,-1
0 ,0 ,-1 ,0 ,0 ,0 ,0 ,0 | 0 ,0
0 ,0 ,0 ,-2 ,0 ,0 ,0 ,0 | 0 ,0
0 ,0 ,0 ,0 ,91 ,0 ,0 ,-91 | 0 ,0
0 ,0 ,0 ,0 ,0 ,-4.176 ,0 ,4.176 | 0 ,0
0 ,0 ,0 ,0 ,0 ,0 ,0.811 ,-0.811 | 0 ,0
0 ,0 ,0 ,0 ,0 ,0 ,0 ,1 | 0 ,1

R2 --> - R2

1 ,0 ,0 ,0 ,0 ,0 ,0 ,0 | 0 ,0
0 ,1 ,0 ,0 ,0 ,0 ,0 ,0 | 0 ,1
0 ,0 ,-1 ,0 ,0 ,0 ,0 ,0 | 0 ,0
0 ,0 ,0 ,-2 ,0 ,0 ,0 ,0 | 0 ,0
0 ,0 ,0 ,0 ,91 ,0 ,0 ,-91 | 0 ,0
0 ,0 ,0 ,0 ,0 ,-4.176 ,0 ,4.176 | 0 ,0
0 ,0 ,0 ,0 ,0 ,0 ,0.811 ,-0.811 | 0 ,0
0 ,0 ,0 ,0 ,0 ,0 ,0 ,1 | 0 ,1

R3 --> R3 + 0*R8

1 ,0 ,0 ,0 ,0 ,0 ,0 ,0 | 0 ,0
0 ,1 ,0 ,0 ,0 ,0 ,0 ,0 | 0 ,1
0 ,0 ,-1 ,0 ,0 ,0 ,0 ,0 | 0 ,0
0 ,0 ,0 ,-2 ,0 ,0 ,0 ,0 | 0 ,0
0 ,0 ,0 ,0 ,91 ,0 ,0 ,-91 | 0 ,0
0 ,0 ,0 ,0 ,0 ,-4.176 ,0 ,4.176 | 0 ,0
0 ,0 ,0 ,0 ,0 ,0 ,0.811 ,-0.811 | 0 ,0
0 ,0 ,0 ,0 ,0 ,0 ,0 ,1 | 0 ,1

R3 --> - R3

1 ,0 ,0 ,0 ,0 ,0 ,0 ,0 | 0 ,0
0 ,1 ,0 ,0 ,0 ,0 ,0 ,0 | 0 ,1
0 ,0 ,1 ,0 ,0 ,0 ,0 ,0 | 0 ,0
0 ,0 ,0 ,-2 ,0 ,0 ,0 ,0 | 0 ,0
0 ,0 ,0 ,0 ,91 ,0 ,0 ,-91 | 0 ,0
0 ,0 ,0 ,0 ,0 ,-4.176 ,0 ,4.176 | 0 ,0
0 ,0 ,0 ,0 ,0 ,0 ,0.811 ,-0.811 | 0 ,0
0 ,0 ,0 ,0 ,0 ,0 ,0 ,1 | 0 ,1

R4 --> R4 + 0*R8

1 ,0 ,0 ,0 ,0 ,0 ,0 ,0 | 0 ,0
0 ,1 ,0 ,0 ,0 ,0 ,0 ,0 | 0 ,1
0 ,0 ,1 ,0 ,0 ,0 ,0 ,0 | 0 ,0
0 ,0 ,0 ,-2 ,0 ,0 ,0 ,0 | 0 ,0
0 ,0 ,0 ,0 ,91 ,0 ,0 ,-91 | 0 ,0
0 ,0 ,0 ,0 ,0 ,-4.176 ,0 ,4.176 | 0 ,0
0 ,0 ,0 ,0 ,0 ,0 ,0.811 ,-0.811 | 0 ,0
0 ,0 ,0 ,0 ,0 ,0 ,0 ,1 | 0 ,1

R4 --> -0.5*R4

1 ,0 ,0 ,0 ,0 ,0 ,0 ,0 | 0 ,0
0 ,1 ,0 ,0 ,0 ,0 ,0 ,0 | 0 ,1
0 ,0 ,1 ,0 ,0 ,0 ,0 ,0 | 0 ,0
0 ,0 ,0 ,1 ,0 ,0 ,0 ,0 | 0 ,0
0 ,0 ,0 ,0 ,91 ,0 ,0 ,-91 | 0 ,0
0 ,0 ,0 ,0 ,0 ,-4.176 ,0 ,4.176 | 0 ,0
0 ,0 ,0 ,0 ,0 ,0 ,0.811 ,-0.811 | 0 ,0
0 ,0 ,0 ,0 ,0 ,0 ,0 ,1 | 0 ,1

R5 --> R5 + 91*R8

1 ,0 ,0 ,0 ,0 ,0 ,0 ,0 | 0 ,0
0 ,1 ,0 ,0 ,0 ,0 ,0 ,0 | 0 ,1
0 ,0 ,1 ,0 ,0 ,0 ,0 ,0 | 0 ,0
0 ,0 ,0 ,1 ,0 ,0 ,0 ,0 | 0 ,0
0 ,0 ,0 ,0 ,91 ,0 ,0 ,0 | 0 ,91
0 ,0 ,0 ,0 ,0 ,-4.176 ,0 ,4.176 | 0 ,0
0 ,0 ,0 ,0 ,0 ,0 ,0.811 ,-0.811 | 0 ,0
0 ,0 ,0 ,0 ,0 ,0 ,0 ,1 | 0 ,1

R5 --> 0.011*R5

1 ,0 ,0 ,0 ,0 ,0 ,0 ,0 | 0 ,0
0 ,1 ,0 ,0 ,0 ,0 ,0 ,0 | 0 ,1
0 ,0 ,1 ,0 ,0 ,0 ,0 ,0 | 0 ,0
0 ,0 ,0 ,1 ,0 ,0 ,0 ,0 | 0 ,0
0 ,0 ,0 ,0 ,1 ,0 ,0 ,0 | 0 ,1
0 ,0 ,0 ,0 ,0 ,-4.176 ,0 ,4.176 | 0 ,0
0 ,0 ,0 ,0 ,0 ,0 ,0.811 ,-0.811 | 0 ,0
0 ,0 ,0 ,0 ,0 ,0 ,0 ,1 | 0 ,1

R6 --> R6 - 4.176*R8

1 ,0 ,0 ,0 ,0 ,0 ,0 ,0 | 0 ,0
0 ,1 ,0 ,0 ,0 ,0 ,0 ,0 | 0 ,1
0 ,0 ,1 ,0 ,0 ,0 ,0 ,0 | 0 ,0
0 ,0 ,0 ,1 ,0 ,0 ,0 ,0 | 0 ,0
0 ,0 ,0 ,0 ,1 ,0 ,0 ,0 | 0 ,1
0 ,0 ,0 ,0 ,0 ,-4.176 ,0 ,0 | 0 ,-4.176
0 ,0 ,0 ,0 ,0 ,0 ,0.811 ,-0.811 | 0 ,0
0 ,0 ,0 ,0 ,0 ,0 ,0 ,1 | 0 ,1

R6 --> -0.239*R6

1 ,0 ,0 ,0 ,0 ,0 ,0 ,0 | 0 ,0
0 ,1 ,0 ,0 ,0 ,0 ,0 ,0 | 0 ,1
0 ,0 ,1 ,0 ,0 ,0 ,0 ,0 | 0 ,0
0 ,0 ,0 ,1 ,0 ,0 ,0 ,0 | 0 ,0
0 ,0 ,0 ,0 ,1 ,0 ,0 ,0 | 0 ,1
0 ,0 ,0 ,0 ,0 ,1 ,0 ,0 | 0 ,1
0 ,0 ,0 ,0 ,0 ,0 ,0.811 ,-0.811 | 0 ,0
0 ,0 ,0 ,0 ,0 ,0 ,0 ,1 | 0 ,1

R7 --> R7 + 0.811*R8

1 ,0 ,0 ,0 ,0 ,0 ,0 ,0 | 0 ,0
0 ,1 ,0 ,0 ,0 ,0 ,0 ,0 | 0 ,1
0 ,0 ,1 ,0 ,0 ,0 ,0 ,0 | 0 ,0
0 ,0 ,0 ,1 ,0 ,0 ,0 ,0 | 0 ,0
0 ,0 ,0 ,0 ,1 ,0 ,0 ,0 | 0 ,1
0 ,0 ,0 ,0 ,0 ,1 ,0 ,0 | 0 ,1
0 ,0 ,0 ,0 ,0 ,0 ,0.811 ,0 | 0 ,0.811
0 ,0 ,0 ,0 ,0 ,0 ,0 ,1 | 0 ,1

R7 --> 1.234*R7

1 ,0 ,0 ,0 ,0 ,0 ,0 ,0 | 0 ,0
0 ,1 ,0 ,0 ,0 ,0 ,0 ,0 | 0 ,1
0 ,0 ,1 ,0 ,0 ,0 ,0 ,0 | 0 ,0
0 ,0 ,0 ,1 ,0 ,0 ,0 ,0 | 0 ,0
0 ,0 ,0 ,0 ,1 ,0 ,0 ,0 | 0 ,1
0 ,0 ,0 ,0 ,0 ,1 ,0 ,0 | 0 ,1
0 ,0 ,0 ,0 ,0 ,0 ,1 ,0 | 0 ,1
0 ,0 ,0 ,0 ,0 ,0 ,0 ,1 | 0 ,1

the solution is an infinite set of vectors in R8 space which are linearly dependents in the vector space:
x = λ*(0 ,1 ,0 ,0 ,1 ,1 ,1 ,1) when λ it's a free scalar that belongs to the R set
