decompose the next matrix (3*3 size):
4 ,12 ,-16
12 ,37 ,-43
-16 ,-43 ,98

M = 
4 ,12 ,-16
12 ,37 ,-43
-16 ,-43 ,98

find L and L' by decomposition of M:
transform M matrix to L' by an upper ranking:
R2 --> R2 - 3*R1

4 ,12 ,-16
0 ,1 ,5
-16 ,-43 ,98

R3 --> R3 + 4*R1

4 ,12 ,-16
0 ,1 ,5
0 ,5 ,34

R1 --> 0.5*R1

2 ,6 ,-8
0 ,1 ,5
0 ,5 ,34

R3 --> R3 - 5*R2

2 ,6 ,-8
0 ,1 ,5
0 ,0 ,9

R3 --> 0.3333*R3

2 ,6 ,-8
0 ,1 ,5
0 ,0 ,3

L = 
2 ,0 ,0
6 ,1 ,0
-8 ,5 ,3

L' = 
2 ,6 ,-8
0 ,1 ,5
0 ,0 ,3

